195
950
641
893
566
383
178
414
704
634
645
631
563
27
387
853
832
259
818
374
921
241
982
511
999
987
70
334
739
775
131
208
211
553
394
930
558
675
89
113
339
850
895
658
80
360
451
960
638
409
966
728
20
393
915
774
405
229
19
805
723
62
794
432
618
316
512
605
365
366
763
132
922
9
185
34
79
385
678
96
337
307
91
84
509
8
147
6
585
735
578
296
681
847
611
182
372
148
562
159
507
364
542
479
635
219
306
223
781
701
98
242
207
628
523
459
532
417
443
540
953
971
31
202
49
331
574
108
837
184
1
890
260
403
320
975
522
567
848
3
216
529
845
243
0
663
309
429
958
967
660
425
234
288
298
142
783
224
343
83
740
103
273
330
689
342
14
281
705
865
575
803
998
442
166
896
395
526
42
979
777
733
341
232
756
734
477
214
743
593
292
268
275
248
785
426
674
694
303
764
717
577
398
572
181
28
23
446
648
550
809
536
400
773
610
711
50
726
985
525
515
68
806
742
186
347
941
438
15
222
450
868
380
121
791
502
588
332
245
276
804
581
110
76
721
599
654
352
324
441
436
311
420
253
964
493
378
582
533
568
92
287
399
10
707
501
883
517
457
218
860
776
349
299
844
104
528
200
650
727
940
897
171
272
995
294
718
793
725
754
167
957
444
310
596
173
600
397
959
662
580
277
411
697
702
155
974
144
857
784
939
495
145
293
880
692
128
424
905
300
499
412
418
788
153
586
559
699
938
840
482
258
487
962
554
978
661
700
858
415
246
945
270
7
215
767
151
39
161
169
807
127
30
535
209
190
90
829
69
943
935
914
458
29
388
822
716
377
492
924
786
737
264
640
946
531
817
423
913
927
474
431
655
267
690
82
481
410
475
329
706
196
679
833
859
556
368
901
787
819
21
884
280
571
16
846
130
676
422
24
693
336
797
811
589
53
874
86
43
22
918
141
885
534
907
834
856
579
486
319
435
462
73
308
906
630
989
134
673
973
373
45
456
936
421
137
814
952
301
476
279
771
604
923
433
629
11
85
892
220
428
977
313
925
430
58
453
371
613
40
37
537
346
639
52
991
514
328
375
871
992
345
467
677
295
465
97
231
590
269
633
357
160
449
696
769
643
838
203
64
761
123
855
544
427
695
672
730
934
867
483
508
227
297
463
782
503
549
683
162
876
712
980
41
122
606
565
882
228
87
849
358
570
984
390
942
607
283
617
753
315
715
32
902
5
235
389
437
587
189
990
649
238
143
361
798
289
651
101
239
236
494
889
150
933
392
379
282
657
204
972
564
879
140
932
75
177
4
115
524
419
831
213
543
119
519
466
71
755
129
917
765
616
752
139
824
120
839
698
680
480
627
363
340
302
539
904
741
99
760
521
157
815
174
961
317
221
175
326
278
928
864
154
61
194
644
780
823
626
201
759
688
237
808
608
359
247
17
527
114
666
265
252
881
875
351
404
198
25
812
802
624
545
795
830
603
500
335
338
344
591
816
106
191
621
547
738
954
557
88
997
384
518
93
722
664
866
720
561
38
729
478
969
963
256
916
26
682
2
67
926
647
407
391
595
262
584
920
709
230
614
125
176
714
18
948
821
199
408
496
251
447
440
852
768
602
434
105
261
257
286
762
452
825
931
736
36
652
77
367
899
490
348
117
573
74
180
118
900
386
12
102
820
646
323
872
183
667
951
965
516
471
233
489
878
381
642
485
520
226
708
745
284
949
665
304
530
612
748
598
100
632
66
746
548
594
56
473
205
843
552
240
583
749
172
46
376
792
772
799
325
406
968
170
827
454
842
877
163
835
318
862
197
225
445
505
135
996
164
179
569
112
744
886
498
416
354
538
910
555
116
95
254
912
609
484
625
929
888
464
732
541
758
413
305
898
266
470
63
59
510
757
291
986
78
126
908
472
687
55
947
615
149
13
778
47
903
353
854
255
620
244
497
33
469
136
546
396
504
60
491
863
703
206
956
551
869
192
685
356
111
54
51
249
796
460
789
109
826
210
669
250
455
138
506
710
668
691
165
350
636
766
944
684
873
719
601
81
274
750
333
65
382
779
158
369
981
983
312
124
870
887
212
800
810
623
770
988
861
801
713
909
911
671
152
48
851
970
976
619
133
686
72
592
597
836
362
993
107
637
193
44
327
891
751
622
322
919
653
448
187
146
321
841
659
439
57
156
813
402
488
263
955
790
670
285
468
370
217
271
731
656
401
894
724
168
188
560
576
513
94
828
314
994
35
461
747
355
290
937